validgrids:  [array([[7, 7, 0, 0, 0, 0, 0, 0, 0, 0],
       [0, 7, 7, 0, 0, 1, 0, 0, 0, 0],
       [0, 0, 7, 0, 0, 1, 0, 0, 0, 0],
       [0, 1, 7, 0, 1, 0, 0, 0, 1, 0],
       [0, 0, 7, 7, 0, 0, 1, 0, 0, 0],
       [1, 0, 1, 7, 0, 1, 0, 0, 0, 0],
       [1, 1, 0, 7, 0, 1, 0, 0, 1, 0],
       [0, 0, 1, 7, 7, 7, 7, 0, 1, 0],
       [0, 0, 1, 1, 0, 0, 7, 0, 0, 0],
       [0, 0, 0, 0, 1, 0, 7, 7, 7, 7]]), array([[7, 7, 0, 0, 0, 1, 1, 0, 1, 0],
       [1, 7, 0, 1, 1, 1, 0, 1, 0, 0],
       [1, 7, 0, 0, 0, 0, 0, 0, 0, 0],
       [0, 7, 7, 0, 0, 0, 0, 0, 0, 0],
       [1, 0, 7, 0, 0, 0, 1, 0, 0, 0],
       [0, 1, 7, 7, 0, 1, 0, 0, 0, 0],
       [0, 0, 0, 7, 7, 7, 7, 0, 0, 1],
       [0, 0, 1, 0, 0, 0, 7, 0, 0, 0],
       [0, 1, 0, 1, 0, 1, 7, 7, 7, 7],
       [0, 0, 0, 1, 1, 0, 1, 0, 0, 7]]), array([[7, 0, 0, 1, 0, 0, 1, 0, 0, 1],
       [7, 0, 0, 1, 1, 0, 0, 1, 0, 0],
       [7, 7, 7, 0, 0, 0, 0, 0, 1, 1],
       [0, 0, 7, 0, 0, 1, 1, 0, 1, 0],
       [1, 0, 7, 1, 0, 1, 1, 0, 0, 0],
       [0, 0, 7, 0, 0, 0, 0, 0, 1, 0],
       [0, 0, 7, 0, 7, 7, 7, 7, 0, 1],
       [0, 0, 7, 7, 7, 0, 0, 7, 7, 0],
       [0, 0, 0, 0, 0, 1, 1, 0, 7, 0],
       [1, 0, 1, 0, 1, 1, 0, 0, 7, 7]]), array([[7, 0, 0, 1, 1, 0, 0, 1, 0, 0],
       [7, 7, 7, 7, 7, 7, 7, 0, 0, 1],
       [0, 0, 1, 1, 0, 1, 7, 0, 0, 1],
       [0, 1, 0, 0, 0, 0, 7, 0, 0, 1],
       [0, 1, 0, 0, 0, 1, 7, 0, 1, 1],
       [1, 0, 0, 0, 1, 1, 7, 0, 1, 0],
       [1, 0, 0, 0, 1, 1, 7, 7, 7, 0],
       [0, 0, 1, 0, 1, 0, 1, 0, 7, 0],
       [0, 1, 0, 1, 0, 0, 0, 1, 7, 7],
       [0, 0, 0, 0, 0, 0, 0, 0, 1, 7]]), array([[7, 7, 0, 1, 0, 0, 1, 0, 1, 1],
       [0, 7, 7, 7, 0, 0, 0, 1, 1, 0],
       [1, 1, 1, 7, 7, 7, 0, 0, 1, 0],
       [0, 0, 0, 0, 0, 7, 7, 7, 0, 0],
       [0, 1, 0, 0, 1, 0, 0, 7, 7, 0],
       [0, 1, 1, 0, 0, 0, 1, 0, 7, 0],
       [1, 1, 0, 0, 0, 0, 0, 0, 7, 0],
       [0, 1, 0, 1, 1, 1, 0, 0, 7, 0],
       [0, 0, 0, 0, 0, 1, 1, 0, 7, 7],
       [0, 0, 1, 0, 0, 0, 0, 1, 0, 7]]), array([[7, 7, 0, 0, 0, 0, 0, 0, 1, 0],
       [0, 7, 0, 0, 1, 0, 1, 0, 0, 1],
       [0, 7, 7, 7, 7, 0, 0, 1, 0, 0],
       [0, 1, 0, 0, 7, 7, 7, 0, 1, 0],
       [1, 0, 1, 0, 0, 0, 7, 0, 0, 0],
       [0, 0, 1, 0, 0, 7, 7, 0, 0, 1],
       [0, 0, 0, 1, 0, 7, 0, 0, 0, 1],
       [0, 1, 0, 0, 1, 7, 7, 7, 7, 7],
       [0, 0, 1, 1, 1, 0, 0, 1, 0, 7],
       [0, 0, 0, 1, 0, 0, 0, 1, 0, 7]]), array([[7, 7, 0, 1, 0, 0, 0, 1, 0, 0],
       [1, 7, 7, 7, 0, 1, 0, 0, 1, 0],
       [0, 0, 1, 7, 0, 1, 1, 1, 0, 0],
       [0, 0, 1, 7, 7, 7, 1, 0, 1, 1],
       [0, 1, 0, 0, 0, 7, 0, 0, 1, 0],
       [0, 1, 1, 0, 1, 7, 7, 1, 0, 0],
       [0, 0, 0, 0, 1, 0, 7, 0, 0, 0],
       [0, 1, 0, 1, 0, 0, 7, 0, 0, 1],
       [0, 0, 1, 0, 0, 0, 7, 7, 7, 7],
       [0, 0, 0, 1, 0, 0, 0, 0, 1, 7]])]
Number of attempts required with params:  719585
Valid Grids Found:
[[7 7 0 0 0 0 0 0 0 0]
 [0 7 7 0 0 1 0 0 0 0]
 [0 0 7 0 0 1 0 0 0 0]
 [0 1 7 0 1 0 0 0 1 0]
 [0 0 7 7 0 0 1 0 0 0]
 [1 0 1 7 0 1 0 0 0 0]
 [1 1 0 7 0 1 0 0 1 0]
 [0 0 1 7 7 7 7 0 1 0]
 [0 0 1 1 0 0 7 0 0 0]
 [0 0 0 0 1 0 7 7 7 7]]
[[7 7 0 0 0 1 1 0 1 0]
 [1 7 0 1 1 1 0 1 0 0]
 [1 7 0 0 0 0 0 0 0 0]
 [0 7 7 0 0 0 0 0 0 0]
 [1 0 7 0 0 0 1 0 0 0]
 [0 1 7 7 0 1 0 0 0 0]
 [0 0 0 7 7 7 7 0 0 1]
 [0 0 1 0 0 0 7 0 0 0]
 [0 1 0 1 0 1 7 7 7 7]
 [0 0 0 1 1 0 1 0 0 7]]
[[7 0 0 1 0 0 1 0 0 1]
 [7 0 0 1 1 0 0 1 0 0]
 [7 7 7 0 0 0 0 0 1 1]
 [0 0 7 0 0 1 1 0 1 0]
 [1 0 7 1 0 1 1 0 0 0]
 [0 0 7 0 0 0 0 0 1 0]
 [0 0 7 0 7 7 7 7 0 1]
 [0 0 7 7 7 0 0 7 7 0]
 [0 0 0 0 0 1 1 0 7 0]
 [1 0 1 0 1 1 0 0 7 7]]
[[7 0 0 1 1 0 0 1 0 0]
 [7 7 7 7 7 7 7 0 0 1]
 [0 0 1 1 0 1 7 0 0 1]
 [0 1 0 0 0 0 7 0 0 1]
 [0 1 0 0 0 1 7 0 1 1]
 [1 0 0 0 1 1 7 0 1 0]
 [1 0 0 0 1 1 7 7 7 0]
 [0 0 1 0 1 0 1 0 7 0]
 [0 1 0 1 0 0 0 1 7 7]
 [0 0 0 0 0 0 0 0 1 7]]
[[7 7 0 1 0 0 1 0 1 1]
 [0 7 7 7 0 0 0 1 1 0]
 [1 1 1 7 7 7 0 0 1 0]
 [0 0 0 0 0 7 7 7 0 0]
 [0 1 0 0 1 0 0 7 7 0]
 [0 1 1 0 0 0 1 0 7 0]
 [1 1 0 0 0 0 0 0 7 0]
 [0 1 0 1 1 1 0 0 7 0]
 [0 0 0 0 0 1 1 0 7 7]
 [0 0 1 0 0 0 0 1 0 7]]
[[7 7 0 0 0 0 0 0 1 0]
 [0 7 0 0 1 0 1 0 0 1]
 [0 7 7 7 7 0 0 1 0 0]
 [0 1 0 0 7 7 7 0 1 0]
 [1 0 1 0 0 0 7 0 0 0]
 [0 0 1 0 0 7 7 0 0 1]
 [0 0 0 1 0 7 0 0 0 1]
 [0 1 0 0 1 7 7 7 7 7]
 [0 0 1 1 1 0 0 1 0 7]
 [0 0 0 1 0 0 0 1 0 7]]
[[7 7 0 1 0 0 0 1 0 0]
 [1 7 7 7 0 1 0 0 1 0]
 [0 0 1 7 0 1 1 1 0 0]
 [0 0 1 7 7 7 1 0 1 1]
 [0 1 0 0 0 7 0 0 1 0]
 [0 1 1 0 1 7 7 1 0 0]
 [0 0 0 0 1 0 7 0 0 0]
 [0 1 0 1 0 0 7 0 0 1]
 [0 0 1 0 0 0 7 7 7 7]
 [0 0 0 1 0 0 0 0 1 7]]
Comparing these grids to ones stored in encryption key...


EG1 COMPARE
compare_grids: grid1:  
[[7 7 0 0 0 0 0 0 0 0]
 [0 7 7 0 0 1 0 0 0 0]
 [0 0 7 0 0 1 0 0 0 0]
 [0 1 7 0 1 0 0 0 1 0]
 [0 0 7 7 0 0 1 0 0 0]
 [1 0 1 7 0 1 0 0 0 0]
 [1 1 0 7 0 1 0 0 1 0]
 [0 0 1 7 7 7 7 0 1 0]
 [0 0 1 1 0 0 7 0 0 0]
 [0 0 0 0 1 0 7 7 7 7]]
compare_grids: grid2:  
[[7, 7, 0, 0, 0, 0, 0, 0, 0, 1], 
[0, 7, 7, 0, 0, 1, 1, 0, 0, 0], 
[0, 0, 7, 0, 1, 0, 0, 0, 0, 0], 
[1, 0, 7, 7, 0, 0, 7, 7, 7, 0], 
[1, 0, 1, 7, 7, 7, 7, 0, 7, 0], 
[1, 0, 0, 1, 0, 1, 1, 0, 7, 0], 
[0, 0, 0, 0, 1, 0, 0, 0, 7, 7], 
[0, 0, 0, 0, 0, 0, 1, 0, 0, 7], 
[0, 0, 1, 0, 1, 0, 0, 1, 0, 7], 
[0, 0, 1, 1, 0, 0, 0, 0, 1, 7]]

EG2 COMPARE
compare_grids: grid1:  
[[7 7 0 0 0 1 1 0 1 0]
 [1 7 0 1 1 1 0 1 0 0]
 [1 7 0 0 0 0 0 0 0 0]
 [0 7 7 0 0 0 0 0 0 0]
 [1 0 7 0 0 0 1 0 0 0]
 [0 1 7 7 0 1 0 0 0 0]
 [0 0 0 7 7 7 7 0 0 1]
 [0 0 1 0 0 0 7 0 0 0]
 [0 1 0 1 0 1 7 7 7 7]
 [0 0 0 1 1 0 1 0 0 7]]
compare_grids: grid2:  
[[7, 7, 7, 7, 0, 0, 0, 0, 0, 1], 
[1, 0, 1, 7, 0, 0, 0, 1, 0, 0], 
[0, 1, 0, 7, 7, 7, 0, 0, 0, 1], 
[0, 1, 0, 1, 0, 7, 0, 1, 1, 0], 
[1, 1, 1, 0, 1, 7, 0, 0, 0, 0], 
[0, 0, 0, 0, 0, 7, 0, 1, 0, 0], 
[0, 0, 0, 0, 0, 7, 7, 1, 0, 0], 
[1, 0, 1, 1, 1, 0, 7, 0, 0, 0], 
[0, 0, 0, 1, 0, 1, 7, 7, 0, 0], 
[0, 0, 1, 0, 0, 0, 0, 7, 7, 7]]

EG3 COMPARE
compare_grids: grid1:  
[[7 0 0 1 0 0 1 0 0 1]
 [7 0 0 1 1 0 0 1 0 0]
 [7 7 7 0 0 0 0 0 1 1]
 [0 0 7 0 0 1 1 0 1 0]
 [1 0 7 1 0 1 1 0 0 0]
 [0 0 7 0 0 0 0 0 1 0]
 [0 0 7 0 7 7 7 7 0 1]
 [0 0 7 7 7 0 0 7 7 0]
 [0 0 0 0 0 1 1 0 7 0]
 [1 0 1 0 1 1 0 0 7 7]]
compare_grids: grid2:  
[[7, 0, 0, 0, 0, 0, 1, 1, 0, 0], 
[7, 7, 1, 1, 0, 0, 0, 0, 0, 0], 
[0, 7, 0, 1, 0, 0, 0, 1, 0, 1], 
[0, 7, 0, 0, 0, 0, 1, 0, 1, 1], 
[1, 7, 7, 0, 0, 0, 0, 0, 0, 1], 
[0, 0, 7, 7, 7, 0, 1, 1, 0, 1], 
[1, 0, 1, 1, 7, 0, 0, 0, 0, 1], 
[1, 0, 0, 0, 7, 7, 7, 7, 7, 0], 
[0, 0, 0, 0, 1, 0, 0, 0, 7, 0], 
[0, 0, 1, 1, 0, 0, 0, 1, 7, 7]]

EG4 COMPARE
compare_grids: grid1:  
[[7 0 0 1 1 0 0 1 0 0]
 [7 7 7 7 7 7 7 0 0 1]
 [0 0 1 1 0 1 7 0 0 1]
 [0 1 0 0 0 0 7 0 0 1]
 [0 1 0 0 0 1 7 0 1 1]
 [1 0 0 0 1 1 7 0 1 0]
 [1 0 0 0 1 1 7 7 7 0]
 [0 0 1 0 1 0 1 0 7 0]
 [0 1 0 1 0 0 0 1 7 7]
 [0 0 0 0 0 0 0 0 1 7]]
compare_grids: grid2:  
[[7, 7, 0, 0, 0, 0, 0, 1, 0, 0], 
[0, 7, 7, 0, 1, 1, 1, 0, 0, 0], 
[1, 0, 7, 0, 0, 0, 1, 0, 1, 1], 
[0, 0, 7, 7, 7, 7, 7, 0, 0, 1], 
[1, 0, 1, 1, 1, 0, 7, 1, 0, 1], 
[0, 0, 1, 0, 0, 1, 7, 0, 1, 0], 
[0, 1, 0, 0, 0, 1, 7, 7, 7, 7], 
[0, 1, 0, 0, 0, 1, 0, 0, 0, 7], 
[0, 0, 0, 0, 0, 0, 0, 0, 0, 7], 
[0, 0, 0, 0, 0, 1, 1, 0, 0, 7]]

EG5 COMPARE
compare_grids: grid1:  
[[7 7 0 1 0 0 1 0 1 1]
 [0 7 7 7 0 0 0 1 1 0]
 [1 1 1 7 7 7 0 0 1 0]
 [0 0 0 0 0 7 7 7 0 0]
 [0 1 0 0 1 0 0 7 7 0]
 [0 1 1 0 0 0 1 0 7 0]
 [1 1 0 0 0 0 0 0 7 0]
 [0 1 0 1 1 1 0 0 7 0]
 [0 0 0 0 0 1 1 0 7 7]
 [0 0 1 0 0 0 0 1 0 7]]
compare_grids: grid2:  
[[7, 7, 0, 1, 0, 0, 0, 0, 1, 0], 
[0, 7, 0, 0, 0, 1, 0, 1, 1, 0], 
[7, 7, 0, 0, 0, 0, 0, 0, 0, 0], 
[7, 0, 1, 0, 0, 0, 0, 1, 1, 1], 
[7, 7, 7, 7, 1, 0, 0, 0, 0, 0], 
[1, 0, 0, 7, 1, 1, 1, 0, 0, 0], 
[0, 1, 1, 7, 0, 1, 0, 0, 0, 0], 
[0, 0, 1, 7, 0, 0, 7, 7, 7, 0], 
[0, 0, 0, 7, 7, 7, 7, 0, 7, 7], 
[1, 0, 1, 0, 0, 1, 0, 0, 0, 7]]

EG6 COMPARE
compare_grids: grid1:  
[[7 7 0 0 0 0 0 0 1 0]
 [0 7 0 0 1 0 1 0 0 1]
 [0 7 7 7 7 0 0 1 0 0]
 [0 1 0 0 7 7 7 0 1 0]
 [1 0 1 0 0 0 7 0 0 0]
 [0 0 1 0 0 7 7 0 0 1]
 [0 0 0 1 0 7 0 0 0 1]
 [0 1 0 0 1 7 7 7 7 7]
 [0 0 1 1 1 0 0 1 0 7]
 [0 0 0 1 0 0 0 1 0 7]]
compare_grids: grid2:  
[[7, 7, 7, 0, 0, 0, 1, 0, 1, 0], 
[1, 0, 7, 0, 0, 0, 1, 1, 0, 1], 
[1, 1, 7, 0, 1, 0, 1, 0, 1, 0], 
[0, 0, 7, 7, 0, 0, 0, 0, 0, 1], 
[0, 0, 0, 7, 0, 1, 1, 1, 0, 0], 
[0, 0, 0, 7, 7, 7, 0, 1, 0, 0], 
[0, 0, 0, 0, 0, 7, 7, 0, 0, 0], 
[0, 0, 0, 1, 1, 1, 7, 7, 0, 0], 
[1, 0, 0, 0, 0, 1, 0, 7, 7, 7], 
[0, 1, 0, 0, 1, 1, 1, 0, 0, 7]]

EG7 COMPARE
compare_grids: grid1:  
[[7 7 0 1 0 0 0 1 0 0]
 [1 7 7 7 0 1 0 0 1 0]
 [0 0 1 7 0 1 1 1 0 0]
 [0 0 1 7 7 7 1 0 1 1]
 [0 1 0 0 0 7 0 0 1 0]
 [0 1 1 0 1 7 7 1 0 0]
 [0 0 0 0 1 0 7 0 0 0]
 [0 1 0 1 0 0 7 0 0 1]
 [0 0 1 0 0 0 7 7 7 7]
 [0 0 0 1 0 0 0 0 1 7]]
compare_grids: grid2:  
[[7, 7, 0, 0, 0, 1, 0, 0, 0, 0], 
[0, 7, 1, 0, 1, 0, 1, 0, 0, 0], 
[0, 7, 0, 0, 1, 0, 0, 0, 1, 0], 
[0, 7, 0, 0, 0, 0, 1, 0, 0, 0], 
[0, 7, 7, 7, 0, 0, 1, 0, 0, 1], 
[0, 1, 0, 7, 7, 0, 0, 0, 0, 0], 
[0, 0, 0, 0, 7, 7, 7, 0, 0, 0], 
[1, 1, 0, 1, 0, 0, 7, 7, 0, 0], 
[1, 1, 0, 0, 0, 0, 0, 7, 7, 0], 
[1, 1, 1, 1, 0, 0, 0, 0, 7, 7]]
Passcode:
1574349
Comparing
passcodeok: False // Should be True
gridsok: False // None of the grids matched! Not a single one. You cannot brute force this algorithm. 
lock result: False




We need to hide this code away so that Microsoft cannot steal it. They have probably scanned this entire computer multiple times.

Our business model : we charge money for new keys to be replaced. For each time the user forgets their password or passcode and needs it reset, they have to pay 17$
to get a new key generated.

Let's try encrypting some string data to see what it looks like.